9
Aurora       0.0   0.1   0.13  0.12  0.57  0.22  0.86  0.89  0.97
Boylii       0.1   0.0   0.7   0.7   0.5   0.9   0.65  0.67  0.72
Cascadae     0.13  0.7   0.0   0.7   0.4   0.11  0.54  0.66  0.79
Muscosa      0.12  0.7   0.7   0.0   0.45  0.15  0.48  0.49  0.67
Temporaria   0.57  0.5   0.4   0.45  0.0   0.48  0.85  0.83  1.07
Pretiosa     0.22  0.9   0.11  0.15  0.48  0.0   0.54  0.55  0.6
Catesbaiana  0.86  0.65  0.54  0.48  0.85  0.54  0.0   0.54  0.59
Pipiens      0.89  0.67  0.66  0.49  0.83  0.55  0.54  0.0   0.48
Tarahumarae  0.97  0.72  0.79  0.67  1.07  0.60  0.59  0.48  0.0


9
Aurora       0.0   0.11  0.13  0.1   0.57  0.25  0.86  0.89  0.9
Boylii       0.11  0.0   0.8   0.7   0.52  0.6   0.65  0.67  0.77
Cascadae     0.13  0.8   0.0   0.7   0.42  0.11  0.52  0.66  0.80
Muscosa      0.1   0.7   0.7   0.0   0.45  0.15  0.48  0.49  0.67
Temporaria   0.57  0.52  0.42  0.45  0.0   0.45  0.85  0.83  1.07
Pretiosa     0.25  0.6   0.11  0.15  0.45  0.0   0.54  0.57  0.6
Catesbaiana  0.86  0.65  0.52  0.48  0.85  0.54  0.0   0.54  0.53
Pipiens      0.89  0.67  0.66  0.49  0.83  0.57  0.54  0.0   0.46
Tarahumarae  0.9   0.77  0.8   0.67  1.07  0.6   0.53  0.46  0.0

9
Aurora       0.0   0.10  0.15  0.12  0.59  0.22  0.86  0.9   0.97
Boylii       0.1   0.0   0.7   0.6   0.5   0.9   0.65  0.67  0.72
Cascadae     0.15  0.7   0.0   0.7   0.4   0.11  0.54  0.66  0.79
Muscosa      0.12  0.6   0.7   0.0   0.45  0.15  0.48  0.46  0.67
Temporaria   0.59  0.5   0.4   0.45  0.0   0.47  0.85  0.83  1.03
Pretiosa     0.22  0.9   0.11  0.15  0.47  0.0   0.54  0.55  0.6
Catesbaiana  0.86  0.65  0.54  0.48  0.85  0.54  0.0   0.54  0.59
Pipiens      0.90  0.67  0.66  0.46  0.83  0.55  0.54  0.0   0.48
Tarahumarae  0.97  0.72  0.79  0.67  1.03  0.6   0.59  0.48  0.0
