# Position (bp)	A	C	G	T	N
0.0	27.501720272620346	23.945179766555935	21.715144320526196	26.799437906322026	0.038517733975495676
1.0	27.919636964768067	20.37656378789816	22.860530804534307	28.843268442799463	0.0
2.0	26.821098024898543	22.475445192864342	22.491325904654904	28.20013531072174	0.011995566860470402
3.0	26.59461861600878	22.583167548684106	22.016190504926904	28.80600878028895	1.4550091262719303E-5
4.0	26.676663926077122	22.092560514239548	22.290400914157082	28.940287350159323	8.729536692934327E-5
5.0	26.63310571673768	22.423864784710908	22.262250958176136	28.680627601390217	1.5093898506116855E-4
6.0	26.608732426822435	22.112960565786633	22.652090654581407	28.62610542480842	1.109280011079707E-4
7.0	26.51884062235127	22.356110804814918	22.011838087680825	29.110133682876498	0.0030768022764845436
8.0	26.372683006732167	22.303191474466345	22.05176393505438	29.267290082489268	0.005071501257837779
9.0	26.514188587240756	22.35064297130163	22.381371312076332	28.753486191084786	3.1093829649526716E-4
10.0	26.582449977741135	22.37641284421302	22.29168133059406	28.74661746266328	0.002838384788497694
11.0	26.629270219800055	22.372940761494927	22.268714786504034	28.72585950245475	0.003214729746234361
12.0	26.635191336635415	22.332146674843997	22.43204199749189	28.597336209581627	0.003283781447071207
13.0	26.695848943914026	22.327691290232824	22.443818682789757	28.529870084343273	0.002770998720122238
14.0	26.68365066278222	22.404023648864563	22.37440665788648	28.53504806056347	0.0028709699032715874
15.0	26.624048660854672	22.383504051722703	22.535418311948423	28.45460531465363	0.002423660820577371
16.0	26.631568568409918	22.392214929830562	22.58078058665554	28.392715912186162	0.002720002917821312
17.0	26.61655152692311	22.45578814936877	22.506369588649626	28.42032710591332	9.636291451780398E-4
18.0	26.584259946218292	22.430124448613107	22.620903304519597	28.364481395143425	2.3090550557633159E-4
19.0	26.649888266216397	22.369294381747913	22.640609935006957	28.339160168483385	0.001047248545351771
20.0	26.623662919038278	22.390938770312594	22.589690743841857	28.39552211805457	1.854487527098699E-4
21.0	26.611762754724456	22.414685014086118	22.66017958500478	28.312930844317368	4.418018672801374E-4
22.0	26.689641196837417	22.302218388527997	22.697505077873206	28.31040261946588	2.3271729550213103E-4
23.0	26.684804206456697	22.354457188105844	22.63020555979434	28.33040032484234	1.3272080077840568E-4
24.0	26.67038331418225	22.359814580207974	22.691747540778433	28.277980023407462	7.454142388737017E-5
25.0	26.697364493532945	22.304652514846307	22.725305901059432	28.27182259547537	8.544950859442067E-4
26.0	26.691534810507743	22.321120490020306	22.69085376213322	28.29365656890338	0.002834368435353174
27.0	26.672447012856935	22.32185019947594	22.79483356242732	28.21018199781956	6.872274202431672E-4
28.0	26.73300030161569	22.26571924069932	22.807700272181343	28.19310567257481	4.745129288410594E-4
29.0	26.736582081562844	22.283879070159635	22.772940817116343	28.20625260106589	3.454300952843465E-4
30.0	26.715146142189056	22.283721925384295	22.880707536993373	28.11708068221719	0.0033437132160847017
31.0	26.76925759212294	22.23529868554148	22.901934370619493	28.088643676835233	0.00486567488084694
32.0	26.77760705349408	22.24858028038959	22.83274074452391	28.139073817259753	0.0019981043326661205
33.0	26.746155949900213	22.25763696157207	22.936306773336515	28.058576373189997	0.001323942001201067
34.0	26.77653001902214	22.220997889452704	22.958534976346943	28.036752956816873	0.007184158361337283
35.0	26.803228059816863	22.220331898166435	22.886335983421546	28.083828548009947	0.006275510585202869
36.0	26.769882550763324	22.224754388362204	22.977215274634528	28.02166913662518	0.006478649614763412
37.0	26.807977503054452	22.17528867023665	22.99074351666274	28.020563014277645	0.005427295768510475
38.0	26.797700949665902	22.18249201945321	22.937831851108278	28.076725596486874	0.005249583285736685
39.0	26.764785283745386	22.18672899504552	23.003099056002256	28.038971226556253	0.006415438650582785
40.0	26.818081976616032	22.154331623042065	23.020383796974862	28.00103023104844	0.006172372318597522
41.0	26.828934057386082	22.15660459779915	22.967573016062914	28.040089676931107	0.006798651820743314
42.0	26.835778530735794	22.14387729282663	23.031349582823555	27.987710364128226	0.0012842294857915784
43.0	26.890779118201635	22.088699351949177	23.04492944077681	27.97374900167629	0.0018430873960835568
44.0	26.897260415774376	22.090256190531633	22.986204506289994	28.021388777020316	0.004890110383679126
45.0	26.891815527291257	22.109630123659777	23.042479416386445	27.95296818023723	0.003106752425289038
46.0	26.967214024061754	22.028502043007553	23.080003487386364	27.924142466024797	1.379795195343401E-4
47.0	26.984368989875207	22.04853185320572	22.99696383638755	27.969774459889194	3.60860642321633E-4
48.0	27.0024283205734	22.014449403022198	23.09076492208631	27.89172526710937	6.320872087220516E-4
49.0	27.053727431808376	21.968781915501665	23.114341741734894	27.860127848840367	0.0030210621146970025
50.0	27.08698515720598	21.967478019285803	23.037936244328016	27.906880720042242	7.198591379638833E-4
51.0	27.068059714031573	21.970090301511856	23.11316083517007	27.848637427139426	5.17221470742527E-5
52.0	27.097530450563912	21.924834919154716	23.137385269230798	27.840197596936022	5.176411455346786E-5
53.0	27.12462171153697	21.949463275792365	23.05930309717177	27.86639728243456	2.1463306433087672E-4
54.0	27.119699909794683	21.93769880240783	23.160784502866687	27.781351885452622	4.648994781753403E-4
55.0	27.17090311378163	21.90418092141383	23.180742460330137	27.743943625327987	2.2987914641497815E-4
56.0	27.183681630731027	21.933225488154804	23.098634028077537	27.783403051200505	0.0010558018361266034
57.0	27.183000703216713	21.914425169976234	23.180389843315158	27.7219651145001	2.1916899179273418E-4
58.0	27.24153242864223	21.829046879285734	23.2350673460973	27.693434841356773	9.185046179586024E-4
59.0	27.285027452380657	21.868429218749604	23.10334522517087	27.74043596521701	0.0027621384818601953
60.0	27.344489242893783	21.81456900430794	23.147606728994923	27.690852984488295	0.002482039315055536
61.0	27.414828837530873	21.711205477443787	23.171647951203884	27.699411035353492	0.002906698467962819
62.0	27.465274918970078	21.73686370910008	23.035897625936506	27.75923485579879	0.002728890194539052
63.0	27.5153398707291	21.729169695726704	23.07072269635051	27.68141995177618	0.003347785417503067
64.0	27.636182253495257	21.63026921421239	23.13406664899605	27.596264162653195	0.0032177206431126017
65.0	27.714305715670694	21.631713576479754	23.043834401845157	27.60726507755663	0.0028812284477640598
66.0	27.713227118969826	21.715983001688034	23.065256475816085	27.505294755034182	2.3864849187400946E-4
67.0	28.18605893732864	21.437784374546617	23.063782307833577	27.307154114450828	0.005220265840343028
68.0	28.062886590875625	21.395883116503462	23.040200478212842	27.49799514804407	0.0030346663640052484
69.0	27.692432906097103	21.946090153500418	22.84342570668413	27.51776360008911	2.8763362923832174E-4
70.0	27.686846616664916	21.74636192240378	23.122591569164978	27.4435012180465	6.986737198284969E-4
71.0	28.105000836929893	21.614690149202527	22.64706716998364	27.63264069711346	6.011467704801974E-4
72.0	27.900974560162734	21.371970064291602	23.261522097894506	27.463738053006566	0.0017952246445971018
73.0	27.41493573914876	21.783844320380133	23.08979889369652	27.699795692399604	0.011625354374979534
74.0	27.63738296971317	22.56778298517238	20.84309493838272	28.950638321088164	0.0011007856435697064
75.0	26.093774567008758	20.635015762499542	24.208604533701656	29.019302217879268	0.04330291891077189
